[0.0013055621904889403, 0.9247569006367873, 0.978267607900503]_300.png
[0.0014253731835709438, 0.23465988805247961, 0.0483220703055921]_300.png
[0.004187370632762311, 0.3913335667475548, 0.7246272678057777]_300.png
[0.00649865353165846, 0.4913194033750261, 0.8458984495638893]_300.png
[0.006526443795378589, 0.403142843482164, 0.5820671882864873]_300.png
[0.007654586436701916, 0.40449197737151243, 0.6642255457364735]_300.png
[0.008908110831803318, 0.7381989442450304, 0.2603541224715916]_300.png
[0.00925263769105511, 0.826187969064298, 0.03056707573601858]_300.png
[0.010509921765981867, 0.7804735801790309, 0.35235645943030025]_300.png
[0.010540484833962416, 0.11250444883835575, 0.02181480370030553]_300.png
[0.013287770302235713, 0.20768638925239147, 0.9643677180764415]_300.png
[0.013669048675830187, 0.738467426747449, 0.4311438505264077]_300.png
[0.013785792489925508, 0.9006155653314533, 0.5067550679927225]_300.png
[0.014021495130698503, 0.4166743817763484, 0.24491892930174475]_300.png
[0.014031611680856204, 0.6433999369837667, 0.764632326275067]_300.png
[0.015883117244953393, 0.6316644489456205, 0.6444953672556595]_300.png
[0.016437719518600735, 0.5818193300340526, 0.7578799291868696]_300.png
[0.01703950281520006, 0.5069434201564202, 0.1920196605363076]_300.png
[0.01756162144182194, 0.4589630677612425, 0.8685965797419954]_300.png
[0.017886190438787253, 0.12084415981434649, 0.31936508084486737]_300.png
[0.01895143533396093, 0.8804689935187138, 0.7929588628386811]_300.png
[0.019200995416658317, 0.8434030662601001, 0.2628830659414566]_300.png
[0.023481933342869743, 0.12097566514891356, 0.5135170196610179]_300.png
[0.024598170670534603, 0.8810005447422063, 0.8189130438693022]_300.png
[0.02606145691810402, 0.6670348884045868, 0.9381822940061941]_300.png
[0.026255376014019616, 0.06624422728535839, 0.7913659241946478]_300.png
[0.026286789763601104, 0.28275588026558696, 0.5320764243237819]_300.png
[0.026500538453154365, 0.9865600100814528, 0.8043689363487639]_300.png
[0.0265652106989962, 0.8604713689693647, 0.44477065814680783]_300.png
[0.02751106447180862, 0.4875115193299955, 0.021779391953566374]_300.png
[0.029070301165871948, 0.7331255271646128, 0.051245040382644325]_300.png
[0.030036117420835895, 0.8921034896114042, 0.28673809817064644]_300.png
[0.030378684759934327, 0.5548099753555302, 0.1140164761077318]_300.png
[0.030646041679388225, 0.5188382025388005, 0.08234174270265726]_300.png
[0.030655987176412935, 0.03511494460056541, 0.8245269494142224]_300.png
[0.03086323813409475, 0.7854048221960537, 0.15801994998819013]_300.png
[0.03207552441559225, 0.3331169117718181, 0.8852469650546572]_300.png
[0.03307130046067552, 0.5574923996288498, 0.7378538361045786]_300.png
[0.03459016730588638, 0.05450431427102054, 0.04058220103447008]_300.png
[0.03705589217956662, 0.7355344404642254, 0.9167019630335884]_300.png
[0.03716266915144917, 0.6615174207502191, 0.2745999431023166]_300.png
[0.03739015542799451, 0.18712209449914918, 0.6807048110732176]_300.png
[0.03822381088716287, 0.31434901114780667, 0.49475400349721965]_300.png
[0.039274333604820355, 0.3874730249896984, 0.33948954492741734]_300.png
[0.040952125552957575, 0.5533321554228305, 0.9466044346632527]_300.png
[0.041377390123035984, 0.5812233579590769, 0.578560612964834]_300.png
[0.04245781384260394, 0.8911536016888861, 0.4356414844846773]_300.png
[0.04310324260075982, 0.16810616196310213, 0.935400756064366]_300.png
[0.04587487396170509, 0.8291733518629418, 0.4748929032305691]_300.png
[0.046086849953891784, 0.5069135932726856, 0.19590092639044643]_300.png
[0.046255783666122374, 0.27555545786066193, 0.198441017053527]_300.png
[0.047295786400690654, 0.6742078887744781, 0.48423078196461034]_300.png
[0.04773266480280269, 0.2772561811657914, 0.604559516197741]_300.png
[0.0485266438756321, 0.17312638794930468, 0.7645737281531592]_300.png
[0.04883807421430475, 0.4949655124134358, 0.39211099401259697]_300.png
[0.04920967073574656, 0.7848924102405773, 0.5450868743137478]_300.png
[0.04930197212066545, 0.6825216503647042, 0.2328130885272386]_300.png
[0.04965139135823482, 0.3807132462094599, 0.9164438901521161]_300.png
[0.05024426231339629, 0.21102284262720838, 0.556655082209826]_300.png
[0.05154928129613234, 0.7219216590459057, 0.4237992894426881]_300.png
[0.052584448610428214, 0.7525372600667545, 0.8783313918357082]_300.png
[0.05327041399527932, 0.02355407197818049, 0.5504324534759611]_300.png
[0.05379167061659673, 0.43190767679375563, 0.6804950856140637]_300.png
[0.05502291812439908, 0.7547493507197961, 0.05240609516928085]_300.png
[0.05510485231052298, 0.9543400071301645, 0.4940210236168384]_300.png
[0.05820323454504084, 0.13083912007297427, 0.07407046595215361]_300.png
[0.05953656086561532, 0.5021959355737756, 0.03305494812566179]_300.png
[0.0634688865639984, 0.29289111852115335, 0.19978902629780082]_300.png
[0.06403595251328809, 0.853722739009597, 0.012414128656670131]_300.png
[0.06524561535883688, 0.6392857674541518, 0.40148109634515594]_300.png
[0.06669450649627273, 0.06774482133342985, 0.8794738411024565]_300.png
[0.0668542769867505, 0.22172968330286646, 0.5677358688835327]_300.png
[0.06834413773949621, 0.7335651512162029, 0.31206702389445684]_300.png
[0.0686681484548759, 0.08255419444363787, 0.005150544468309315]_300.png
[0.0688929155259781, 0.14101557299650846, 0.5163177381896666]_300.png
[0.06944925815625891, 0.9762864142431608, 0.6118884920677999]_300.png
[0.07140282596710223, 0.9992106273153825, 0.1727906787460668]_300.png
[0.07277418831400273, 0.3750069221613187, 0.4267673758204855]_300.png
[0.073256755941149, 0.7092601059845811, 0.23836245503171283]_300.png
[0.07533931858299414, 0.8634507342519093, 0.31898422888284816]_300.png
[0.07560797802941055, 0.23709640048829206, 0.5902853145307408]_300.png
[0.07618045376294358, 0.3844833956244109, 0.6231404751211542]_300.png
[0.07714350955167126, 0.31517525410156966, 0.07246694413944077]_300.png
[0.07872132242933627, 0.1022333993610195, 0.8462227483440704]_300.png
[0.07952633997490632, 0.6656613528244896, 0.47501692238955007]_300.png
[0.0800768008154722, 0.8367908395543366, 0.6513452322238118]_300.png
[0.08023272394641345, 0.3181008247271767, 0.0914475070820634]_300.png
[0.08376433945300998, 0.25825605610814184, 0.19945697945186158]_300.png
[0.08450996533557686, 0.39718013797848417, 0.1891532296904176]_300.png
[0.0855296503084485, 0.7698257056841388, 0.6309933672801961]_300.png
[0.08942930000664029, 0.7470624116849754, 0.48609830415204747]_300.png
[0.0897278141094967, 0.8628474956930529, 0.29000426923052613]_300.png
[0.08998545339151898, 0.3739255243807871, 0.11198821924372981]_300.png
[0.0924000076153565, 0.51270547126708, 0.5869840996214385]_300.png
[0.09346799449536303, 0.05024874063409568, 0.8326199818416616]_300.png
[0.09529332252606049, 0.7693358877314982, 0.7985181868038204]_300.png
[0.0962608934236805, 0.8288963678579139, 0.8352777145981052]_300.png
[0.09767554513806387, 0.36121143531394295, 0.32412339168180293]_300.png
[0.0983021684809976, 0.6702339234077831, 0.4280788663803955]_300.png
[0.09993026067034272, 0.03332873785292745, 0.9113619088564198]_300.png
[0.10188340525282846, 0.7280449184188186, 0.8197781621920671]_300.png
[0.10188853422945576, 0.06747079066121198, 0.1874554476448268]_300.png
[0.1051122777283301, 0.6497102471948134, 0.5922342911158714]_300.png
[0.10587897329162432, 0.4137068168023985, 0.20684696756672893]_300.png
[0.10794249816530532, 0.2935427942099865, 0.09214926593357631]_300.png
[0.10883845518670987, 0.3420945547070089, 0.9897574511074599]_300.png
[0.10958445819707596, 0.7170904791479731, 0.8760189274796664]_300.png
[0.10963024878839522, 0.4712093443471833, 0.18624360350775027]_300.png
[0.10971495570508705, 0.42594458894644494, 0.5043380459690159]_300.png
[0.11183140606816355, 0.8043073786284658, 0.8287482211294748]_300.png
[0.1130010564792725, 0.3095957726852432, 0.09447264271138467]_300.png
[0.11380618635609507, 0.14604677915421738, 0.4726897204145618]_300.png
[0.11570320515901245, 0.25835877420386766, 0.0789694546995382]_300.png
[0.11573749077718842, 0.8983316000156745, 0.5890465823124847]_300.png
[0.11773214453930247, 0.7872794242270928, 0.47836599494921983]_300.png
[0.1188146833628494, 0.20327989633779964, 0.5150717364887838]_300.png
[0.11972564918139117, 0.620365851194955, 0.044816538259630834]_300.png
[0.12107422712658444, 0.22084990058714093, 0.8124691617432573]_300.png
[0.12109088818463776, 0.6241638401277058, 0.7445132114978277]_300.png
[0.122165323372733, 0.3309355666811804, 0.6115241401118318]_300.png
[0.12238831588164989, 0.4395656927902356, 0.34587435387592746]_300.png
[0.12246232647718669, 0.030634032331044447, 0.7649871706633234]_300.png
[0.12314644726144652, 0.8527183825409246, 0.12962828464177178]_300.png
[0.12422419795229311, 0.5687429993901308, 0.20829703157783497]_300.png
[0.12458533370964586, 0.005822798528378081, 0.46024754418110303]_300.png
[0.1257264998216776, 0.5922468992512964, 0.3687964340509259]_300.png
[0.12659603284568655, 0.1766231609752963, 0.9386840337607374]_300.png
[0.12746482548580296, 0.6207518296197709, 0.9347637820671049]_300.png
[0.12825839755437574, 0.7296593204171804, 0.6635657084445181]_300.png
[0.13185061319402702, 0.46337842005616847, 0.9752249814884626]_300.png
[0.13392605874371166, 0.7824138680092425, 0.7484209291569635]_300.png
[0.13477139278034878, 0.7960170806989861, 0.8468286400745709]_300.png
[0.13716534994016127, 0.7171352045526247, 0.5654485660677341]_300.png
[0.13790341854816668, 0.25353142458127875, 0.6831907487438023]_300.png
[0.14276531191132913, 0.6568566138187218, 0.466591228288033]_300.png
[0.1441928030367381, 0.09400576076674028, 0.21036686487193346]_300.png
[0.1446267799617319, 0.9393237149530984, 0.7577816165079406]_300.png
[0.14471756960870863, 0.6530790506360902, 0.6024660239447909]_300.png
[0.1448522356772488, 0.6188653416624101, 0.9557846846654838]_300.png
[0.14569815640522832, 0.18444859554679605, 0.3730627098894089]_300.png
[0.1460053584112453, 0.7945265281467035, 0.8287323897221833]_300.png
[0.14711087600636596, 0.8667133388830932, 0.09567845841977007]_300.png
[0.15143693917926215, 0.026289799291129068, 0.6257534751336171]_300.png
[0.1518220806702627, 0.9501884859844726, 0.9297968577326897]_300.png
[0.1520976579323292, 0.9817776874093775, 0.415053436809501]_300.png
[0.15632951411455664, 0.6818975082464752, 0.9980982988629479]_300.png
[0.1578563171615478, 0.8427712354180797, 0.8788517263329799]_300.png
[0.16017698928082957, 0.28894454594316865, 0.18406905001500296]_300.png
[0.16274365183417128, 0.4109005076190787, 0.9956723539118468]_300.png
[0.1634025942363858, 0.5604080138608458, 0.60741282004769]_300.png
[0.16474479262333308, 0.7419293984610115, 0.3823592143752649]_300.png
[0.16570370548183988, 0.5918429197663204, 0.07809243894117202]_300.png
[0.16640558337503264, 0.9451427207537428, 0.9179525367146001]_300.png
[0.16712585565108606, 0.16801346932419592, 0.8987389181623889]_300.png
[0.16790248293340782, 0.8708368331159111, 0.32915426696393146]_300.png
[0.1685301753451749, 0.4400680124915215, 0.2931674154715256]_300.png
[0.1686486465518131, 0.5392072299890931, 0.18237194234534493]_300.png
[0.1694022549589107, 0.07706915960529381, 0.9876240435069266]_300.png
[0.16957365521529555, 0.06146961371512605, 0.7550826387580823]_300.png
[0.16989290609884822, 0.33419058409659275, 0.009023122054017896]_300.png
[0.1700047502005122, 0.592844296337288, 0.4520219518457611]_300.png
[0.1716278723405088, 0.03505103301886625, 0.06525502876820388]_300.png
[0.17255468082058345, 0.35595255656256575, 0.7680626310477022]_300.png
[0.17293312600318356, 0.000720781797484471, 0.3154363210676806]_300.png
[0.17396102764734567, 0.7292940653058225, 0.9903580510813245]_300.png
[0.17462887756922296, 0.1657818006372188, 0.34005058999111926]_300.png
[0.1747255131826534, 0.20605178603532948, 0.6909575238610811]_300.png
[0.17587955266455024, 0.6388690153222193, 0.8102058001651697]_300.png
[0.17602445314839188, 0.4956422131872512, 0.9738608017918319]_300.png
[0.1770198760051459, 0.26482911291907096, 0.2516368532567186]_300.png
[0.1778921107832545, 0.7915253361672301, 0.2479747475209475]_300.png
[0.17852331276998512, 0.8735453318608957, 0.8678289477667287]_300.png
[0.1800451164074386, 0.8724792140413182, 0.9518871285782544]_300.png
[0.18028018489610442, 0.23201068371825195, 0.06122228660573137]_300.png
[0.18045183724709435, 0.277509490015288, 0.4989871914268921]_300.png
[0.18199900096761634, 0.749903763254962, 0.08727380628616244]_300.png
[0.18241009297416688, 0.5001565725599549, 0.9858137290384816]_300.png
[0.18251097103854264, 0.11276829502287822, 0.7107998427973832]_300.png
[0.18254563475325236, 0.5142804306733327, 0.911194171933051]_300.png
[0.18336042358891325, 0.5746185481800261, 0.053739264709950385]_300.png
[0.1865297270931462, 0.9788977331203385, 0.3229153886983792]_300.png
[0.18689196047664136, 0.867892479794971, 0.8720309128889608]_300.png
[0.18698771449890905, 0.2588235455047607, 0.13627668911360036]_300.png
[0.18726082988634296, 0.1039985620483398, 0.6540824940864945]_300.png
[0.18803149720460133, 0.1254175374555474, 0.25874485662988544]_300.png
[0.1892898878539805, 0.1356278878426036, 0.832513774076201]_300.png
[0.1893150074870269, 0.9985350015080426, 0.2369551480690456]_300.png
[0.19225780467419373, 0.8961069973061, 0.9180396905069724]_300.png
[0.19307163592295762, 0.8022988404662245, 0.11730801791996692]_300.png
[0.19709656455617475, 0.26978141854103976, 0.5213695532738802]_300.png
[0.19980337794394332, 0.0011687386343972594, 0.08138695563323328]_300.png
[0.2000808228055878, 0.6241936953358184, 0.9803396160930893]_300.png
[0.2005970683971976, 0.5303410170964648, 0.8346185830408829]_300.png
[0.20145938749604975, 0.428454884776043, 0.412195806780681]_300.png
[0.20269383212747938, 0.3096950412416031, 0.4635733279708928]_300.png
[0.20356279023536117, 0.13466865357831292, 0.12655017694651438]_300.png
[0.2036073784661585, 0.7775244589773752, 0.627447289300517]_300.png
[0.2040323145240629, 0.37073414405780936, 0.7799241623929607]_300.png
[0.20519517176695534, 0.2464153255138829, 0.294607604992409]_300.png
[0.20544850640096723, 0.1500237149948066, 0.4755830738375505]_300.png
[0.2113267094887008, 0.8175649947929373, 0.16690635503613493]_300.png
[0.21276766857596952, 0.3430566082224754, 0.9736769844526931]_300.png
[0.2154633136376215, 0.3774028165079544, 0.07348661466354822]_300.png
[0.21603312281983866, 0.5524346871395728, 0.6831831035675526]_300.png
[0.21619926317551674, 0.08562548048734664, 0.8624675333168187]_300.png
[0.21643100217726885, 0.49304555642412107, 0.07472887124185146]_300.png
[0.2164489279338241, 0.2595698865697521, 0.09616130007987378]_300.png
[0.21738129901743763, 0.9915471669456614, 0.7545002789953997]_300.png
[0.21838547560157795, 0.4044007438810028, 0.0515042855407023]_300.png
[0.21915155957134613, 0.948649890885697, 0.43226794528041523]_300.png
[0.22108741094970508, 0.1567321842066428, 0.22885442735653894]_300.png
[0.22132222488910425, 0.6603379216818243, 0.504796813976299]_300.png
[0.2218462404893361, 0.8671732269197971, 0.7371043090724052]_300.png
[0.22225596980669216, 0.42424350159973545, 0.9757115578087218]_300.png
[0.22234042351730798, 0.45295618059040477, 0.129041413217736]_300.png
[0.2232392192392627, 0.8197143840645231, 0.17352903214469917]_300.png
[0.22406162461970536, 0.41592648613442473, 0.2537109469854387]_300.png
[0.2242756886188796, 0.588145498709552, 0.8952052726291356]_300.png
[0.22429455607438875, 0.737438547724085, 0.5530808728098328]_300.png
[0.22446410870823286, 0.6035124880332655, 0.50652115694312]_300.png
[0.2273821678928981, 0.6736215726233887, 0.9855940809477898]_300.png
[0.22801281913324922, 0.8830684061080568, 0.15943604679034729]_300.png
[0.22808582150189483, 0.029478136341085315, 0.5692501869049952]_300.png
[0.23056807021396364, 0.7332293681941182, 0.2703817720633862]_300.png
[0.2327324262558671, 0.9728477737121203, 0.855059946963561]_300.png
[0.23335045524590348, 0.8317093718895439, 0.13212284292643084]_300.png
[0.23335789826317588, 0.6460896928646144, 0.6769462104412649]_300.png
[0.2360911380964208, 0.8419552908704794, 0.641072457898805]_300.png
[0.23669795536663507, 0.8312765028421981, 0.8015619129478057]_300.png
[0.23707540653545256, 0.8517863990458856, 0.9198830317897457]_300.png
[0.23801598949865, 0.47056765977202886, 0.2583599743413241]_300.png
[0.23906841376132004, 0.7349336600990041, 0.007844165318186547]_300.png
[0.2397640853683396, 0.7888918773059129, 0.17405067131212004]_300.png
[0.24065697178984546, 0.28231152915038116, 0.0032327731473403842]_300.png
[0.241728779072792, 0.548887513242472, 0.554202709827304]_300.png
[0.24318549872312722, 0.9686897607333153, 0.503708311886252]_300.png
[0.2432015767318001, 0.01964037420312026, 0.5766482409757594]_300.png
[0.24371257982078753, 0.0978578188870316, 0.41445473994711823]_300.png
[0.24472664641390707, 0.9470079903251089, 0.7871256682965573]_300.png
[0.24492160742492464, 0.5956718302136135, 0.1704080042198911]_300.png
[0.24606810661370626, 0.8637595541056431, 0.9046384087572688]_300.png
[0.24622709659415232, 0.41960753352131175, 0.19298069163288667]_300.png
[0.24648279581141974, 0.7465573748772203, 0.06463327625471504]_300.png
[0.24677128822455263, 0.04779032598501032, 0.722537120642675]_300.png
[0.24707494395265572, 0.0030127621965689855, 0.4137145970071636]_300.png
[0.2545374775198168, 0.6764913248135807, 0.001431245899278788]_300.png
[0.25570418850178456, 0.4474973969481486, 0.20929990939065246]_300.png
[0.25590905526377217, 0.7452404543346228, 0.09911246371755333]_300.png
[0.257833465564005, 0.5913386507404279, 0.6773056554925074]_300.png
[0.25817453509820354, 0.47266656395538864, 0.48674572127860527]_300.png
[0.2588457360342967, 0.6479249594274223, 0.09961686815774395]_300.png
[0.25908686004789094, 0.011017115925621712, 0.3277539926768296]_300.png
[0.2592105108050663, 0.2309368191811294, 0.9401269759609432]_300.png
[0.25991141181870636, 0.4463875869686268, 0.20533765901584045]_300.png
[0.2615451561497356, 0.6873670237879774, 0.6239055461405437]_300.png
[0.2626177765259222, 0.17390025118377217, 0.9401254388149536]_300.png
[0.2646333444022231, 0.36543683251178516, 0.6856187772740537]_300.png
[0.26604884272973217, 0.562142831028858, 0.7729827358316148]_300.png
[0.26700137355948617, 0.3469676152803667, 0.9204606918841906]_300.png
[0.26724741951644093, 0.8475601957554836, 0.5635965375583346]_300.png
[0.26942054814319794, 0.4968691374302846, 0.42667933941751834]_300.png
[0.2696440034884413, 0.4121795776327515, 0.9322051787756933]_300.png
[0.2701647989909922, 0.10899018322649656, 0.8498688530104928]_300.png
[0.2702837586817963, 0.6199940837631246, 0.7752298170917225]_300.png
[0.27170761813720157, 0.45115312528029594, 0.2990349956164028]_300.png
[0.27173264625580007, 0.5352951380369934, 0.25224709674288137]_300.png
[0.27395068414121027, 0.12951824712294813, 0.2854381319817977]_300.png
[0.2747799089584567, 0.10583271004097616, 0.8565713807277437]_300.png
[0.2748985826362732, 0.3315365039754157, 0.9305676398451654]_300.png
[0.2750501019092395, 0.6399579780144304, 0.3988284269574083]_300.png
[0.275250051384073, 0.8080986728196492, 0.4997523675679322]_300.png
[0.27679204016622005, 0.9472890015804625, 0.25207205055167226]_300.png
[0.2780832174353701, 0.8167697031830535, 0.7496558991987485]_300.png
[0.2782287954321717, 0.9035007704169061, 0.8813248670689615]_300.png
[0.2788714921768687, 0.6202115777554587, 0.629708574762743]_300.png
[0.2818385657811422, 0.8429069154599762, 0.6331392741903982]_300.png
[0.28259338803979484, 0.44385122205282446, 0.17056659190380452]_300.png
[0.28308197204734975, 0.7387002533249666, 0.16615594758685326]_300.png
[0.2834137754338799, 0.38539006261329867, 0.691405497708137]_300.png
[0.2839151730409686, 0.7122763873448684, 0.15951014190761803]_300.png
[0.28414478493764017, 0.59695443465155, 0.3061885692971903]_300.png
[0.285364493095699, 0.9132366717897997, 0.030499732950346692]_300.png
[0.28634282869440786, 0.648784108360155, 0.11920944251676813]_300.png
[0.28771350408172003, 0.7147407448121054, 0.9975495539040484]_300.png
[0.28805545517893605, 0.22689836682881404, 0.6518270678125875]_300.png
[0.2885288422652412, 0.2455010975592019, 0.6545206024512641]_300.png
[0.2888701437094098, 0.8027357230391968, 0.22157057545030445]_300.png
[0.29056150020626825, 0.6680000637945651, 0.3359025927407545]_300.png
[0.2920098106481571, 0.26516463305882865, 0.6737998890394026]_300.png
[0.29309415179513365, 0.438601446596775, 0.2637410180222669]_300.png
[0.2968803228754544, 0.855973113240878, 0.8515075212387317]_300.png
[0.2975695489279925, 0.06877595866715636, 0.9493206905123395]_300.png
[0.29839145604484607, 0.7464321094594092, 0.846578325611823]_300.png
[0.29843904721015724, 0.4123106593859591, 0.022105895651931218]_300.png
[0.29943693840064767, 0.33601238341712325, 0.299307543287868]_300.png
[0.30067269678361297, 0.20852424063765473, 0.8055019305733269]_300.png
[0.3021276843636741, 0.3965567929044157, 0.5259373191346609]_300.png
[0.3024971863385105, 0.9031639257630962, 0.7112059819712145]_300.png
[0.3025444320904278, 0.535500718970544, 0.31340311718097846]_300.png
[0.3035088904045291, 0.4410606221190454, 0.43018673650469286]_300.png
[0.3042116116978426, 0.26851122233293545, 0.5339429815893743]_300.png
[0.30611282867542966, 0.8350086840536607, 0.0022864961606372525]_300.png
[0.3105750467873645, 0.24489900230658135, 0.14356633082031833]_300.png
[0.31098953621818015, 0.3791832288663973, 0.9117043728254265]_300.png
[0.3118726906485999, 0.6485234971997139, 0.1538348063114513]_300.png
[0.3126227497733406, 0.26471717816229845, 0.8180032138161698]_300.png
[0.3136019105517299, 0.7486126975657154, 0.597753144531023]_300.png
[0.3138124309369926, 0.042688292454768684, 0.6183183240119395]_300.png
[0.3143350251633644, 0.3521240171044716, 0.6927943270445995]_300.png
[0.31445138909165904, 0.5010615612237244, 0.8824566909187358]_300.png
[0.31513299160448416, 0.43568664273243274, 0.4511918479809801]_300.png
[0.3153002905224359, 0.3938582867684861, 0.5785311452031592]_300.png
[0.31652056412931284, 0.7915569388922572, 0.8379253982907455]_300.png
[0.31729739066984297, 0.6449925055221698, 0.1852832755536744]_300.png
[0.3174408613105131, 0.9147964836077234, 0.7995155708086463]_300.png
[0.31747941215311704, 0.6627933698985833, 0.7133104615180044]_300.png
[0.31878821648441147, 0.9037087587761905, 0.4615840134029181]_300.png
[0.3207778602989737, 0.8224761694359313, 0.6658512886401357]_300.png
[0.32128187881751413, 0.5199179179791825, 0.00846768493096961]_300.png
[0.32152012507691585, 0.15677648429278557, 0.45115180457640935]_300.png
[0.32175546076829054, 0.9460675985336436, 0.7797114630445765]_300.png
[0.32228002435994174, 0.45704995271269544, 0.09621697499308401]_300.png
[0.3224800178857813, 0.7566217824692469, 0.9285044908159825]_300.png
[0.3236986080893498, 0.6759742417017731, 0.24327171484851373]_300.png
[0.32451272767708894, 0.39774465141194737, 0.10639882053890326]_300.png
[0.32475957336102845, 0.8968041797669059, 0.40890265000726234]_300.png
[0.3274982880975328, 0.49616760127361825, 0.4738480370455831]_300.png
[0.3303332947914088, 0.6176248838263726, 0.4270466725066705]_300.png
[0.3349948169978224, 0.26791344055820143, 0.7737074457091256]_300.png
[0.3360673889883323, 0.8290269378763075, 0.3936524868929835]_300.png
[0.3368627771892144, 0.5581787800036414, 0.024765629941483458]_300.png
[0.338347333866456, 0.7453277496192934, 0.8451782961272101]_300.png
[0.3390447238854113, 0.0403265818761811, 0.5273424325119883]_300.png
[0.3404150692488145, 0.39397225985241324, 0.2910322158267805]_300.png
[0.34087027752387045, 0.48743204987438427, 0.20563045030104266]_300.png
[0.34214518303857944, 0.577172260772239, 0.3518806762999165]_300.png
[0.3452577001307522, 0.3374299648080684, 0.1929255992392721]_300.png
[0.3456547751689516, 0.8114201714785267, 0.062021980211229844]_300.png
[0.3460498414755673, 0.39653830723067673, 0.581794254097646]_300.png
[0.3478193757233444, 0.9642582196310434, 0.2508658536842484]_300.png
[0.34802810167309906, 0.9742185448096433, 0.3529538947878895]_300.png
[0.3484258151520718, 0.6149313905828652, 0.9994745517135125]_300.png
[0.348931724312042, 0.5550329114920026, 0.05561301809990038]_300.png
[0.3501017206626541, 0.8483660867252807, 0.8273403690260054]_300.png
[0.3508950002218779, 0.1999379597198817, 0.1466589695894832]_300.png
[0.35213311725834706, 0.20546258577513077, 0.20619839186363176]_300.png
[0.35216723011456597, 0.35294649926802346, 0.7231488843601855]_300.png
[0.3535900754808836, 0.009976005522470799, 0.8687846100554893]_300.png
[0.35385200539724915, 0.5713927317276206, 0.9829784762980698]_300.png
[0.35392434396362804, 0.8497385836847502, 0.38753551699799194]_300.png
[0.3561924413809795, 0.08316837393074572, 0.7145340379070181]_300.png
[0.3566993778576074, 0.18351118189201698, 0.08667484966797379]_300.png
[0.35806211361068285, 0.5350983974046836, 0.4201955575137032]_300.png
[0.3581767515495017, 0.9036491100252242, 0.08012778972489998]_300.png
[0.35899629936559696, 0.00916023787895992, 0.9544658307216924]_300.png
[0.3592041357039839, 0.3804589048048115, 0.36240099769550793]_300.png
[0.35949846029633026, 0.34958311926620567, 0.2417684456235597]_300.png
[0.35985234533193133, 0.19025922152844033, 0.7041134609020253]_300.png
[0.3608193746723086, 0.6886438917366363, 0.4660739061528725]_300.png
[0.361511875207576, 0.32842405032913125, 0.016508053835024517]_300.png
[0.3629362314002281, 0.053964982497574865, 0.8309029354696053]_300.png
[0.36417798110457744, 0.640762138543318, 0.7452579944913641]_300.png
[0.3641925163246239, 0.03477657092505426, 0.34075919117825715]_300.png
[0.3645632828482077, 0.8445056697130833, 0.9278057460784236]_300.png
[0.3664221697661425, 0.4324556383876419, 0.8887131830222943]_300.png
[0.3676669559132072, 0.32336438605996, 0.9444344851359265]_300.png
[0.3676779583272618, 0.32850161354345075, 0.7476722262683008]_300.png
[0.3696814920852116, 0.013010258296428545, 0.04405974876533525]_300.png
[0.3718327484522781, 0.31411015053462976, 0.3281756662571813]_300.png
[0.3722423739307511, 0.5452156722631366, 0.30044785199879565]_300.png
[0.37259816579583593, 0.8586015956906262, 0.6017723226457624]_300.png
[0.37298010835207374, 0.7616109517474533, 0.29410586734980326]_300.png
[0.3740551770118208, 0.30610489613066716, 0.18879201230275855]_300.png
[0.37421087938284414, 0.6985237187417855, 0.5101854029234357]_300.png
[0.3748684501581063, 0.5594906635568359, 0.33979962027916844]_300.png
[0.37731845957261556, 0.8756482414206577, 0.34682715735250036]_300.png
[0.37849262636783676, 0.7781941034558598, 0.7302943071689484]_300.png
[0.3792674433663399, 0.9032948881865125, 0.8983346569306708]_300.png
[0.3821475286163101, 0.4037810867822571, 0.3878730098197507]_300.png
[0.38314560658997476, 0.8483077748880703, 0.13939311999890724]_300.png
[0.38365844482448763, 0.3638860481545789, 0.3930317857069019]_300.png
[0.3840989915503956, 0.0200643958777742, 0.25875660882245766]_300.png
[0.3848605762816961, 0.4591979971153717, 0.9280035900201611]_300.png
[0.38659669793073725, 0.3871310311837737, 0.391989197297286]_300.png
[0.38739558043807654, 0.41861191841464684, 0.45444760505263393]_300.png
[0.38769985983122746, 0.11724946512493573, 0.7815880192079337]_300.png
[0.3897105027819029, 0.5447084097600451, 0.12071030194462762]_300.png
[0.3899550302429765, 0.004804665685671394, 0.11257967294167959]_300.png
[0.3904633957398411, 0.08187839190287682, 0.688687276251078]_300.png
[0.3921624738465316, 0.038214593492564175, 0.5654665193778101]_300.png
[0.39242636137068443, 0.20864225531814318, 0.5094946445620203]_300.png
[0.3938962420739017, 0.4601822350419237, 0.743871014102698]_300.png
[0.3940181802284207, 0.9814702464198228, 0.703092896105064]_300.png
[0.3946889960771969, 0.2389069031936195, 0.10817076314971896]_300.png
[0.3953734421654208, 0.21496411116779812, 0.045040416137936745]_300.png
[0.3960544229514418, 0.8444131431004113, 0.8141748162958693]_300.png
[0.3975010450477964, 0.9555917144092155, 0.366427885825265]_300.png
[0.39932592956888924, 0.792530227213488, 0.3739456732852131]_300.png
[0.39934607454764914, 0.2683257015597368, 0.35274022123510695]_300.png
[0.4002416283968203, 0.005191491379085367, 0.15021343110146168]_300.png
[0.400470637898969, 0.6450395393822479, 0.5489308164099364]_300.png
[0.4017620656367302, 0.9675617599486719, 0.7576335745312216]_300.png
[0.4029623336368512, 0.31380299027157965, 0.23390465161846974]_300.png
[0.4059664892215973, 0.8713881689978251, 0.4368768972759879]_300.png
[0.407096228362242, 0.28168307189987896, 0.3807413331336783]_300.png
[0.4096396652799217, 0.5576212233417275, 0.44166084154364427]_300.png
[0.41389205401823437, 0.800176292570377, 0.7571551641059183]_300.png
[0.4144332101445395, 0.36512579299803793, 0.4889094645162533]_300.png
[0.4149711260028991, 0.20514518737759613, 0.24385040509658007]_300.png
[0.4167267655673845, 0.5834312506681906, 0.031141380838372923]_300.png
[0.4167773009643502, 0.6052678556251266, 0.4959280382922009]_300.png
[0.41695344211716434, 0.007981062928326232, 0.1013526368052392]_300.png
[0.41812904429264297, 0.13066202832455254, 0.8706736544708015]_300.png
[0.41976218624765493, 0.3458509802084533, 0.5855779052174199]_300.png
[0.4198196189483634, 0.430020440272165, 0.16224194519356283]_300.png
[0.4199961753632304, 0.33273103163540196, 0.6614750642543483]_300.png
[0.4215903634385566, 0.5879245945387254, 0.8210589339651756]_300.png
[0.4227982037058794, 0.8095738843216871, 0.3448765518815564]_300.png
[0.42561143967625337, 0.9793396152768394, 0.2086760798633186]_300.png
[0.4268134884873037, 0.956055662402141, 0.9766962972004791]_300.png
[0.42728255378471325, 0.5049147176183558, 0.8118054713670534]_300.png
[0.4282944798911631, 0.29487776051697456, 0.3296170123199915]_300.png
[0.4284905517178913, 0.4820839092046382, 0.5976314409441237]_300.png
[0.4288219662906808, 0.13316794065245396, 0.7810412846115484]_300.png
[0.4295153331064536, 0.6414189358058286, 0.5223910508330218]_300.png
[0.4301886431781029, 0.6836114484157287, 0.571033601292041]_300.png
[0.43357577097571853, 0.5209754333757798, 0.9571581904982636]_300.png
[0.4336671874896366, 0.20480147519129932, 0.5792727599852879]_300.png
[0.43390448224972833, 0.33830289756828036, 0.277203920098412]_300.png
[0.43529554354175803, 0.5972823668663018, 0.9444306079855762]_300.png
[0.43542437439150605, 0.5688702316925975, 0.03907238858266171]_300.png
[0.43598581089565724, 0.06963270683578193, 0.23652988361233673]_300.png
[0.43710674889818646, 0.40524955275066166, 0.33210568341434255]_300.png
[0.43757858470834254, 0.9577111646973218, 0.4320813013957866]_300.png
[0.4400827774329532, 0.3762502696043786, 0.6506468174142407]_300.png
[0.442194171856758, 0.25249588825319935, 0.35762529399132015]_300.png
[0.4422116179493748, 0.7248861172264838, 0.8771584534185924]_300.png
[0.44234995570375013, 0.7709322070396096, 0.18588236902774524]_300.png
[0.4430010054883792, 0.8705026471627332, 0.19705481750325615]_300.png
[0.44584498635016556, 0.6202159577159694, 0.037623996879354804]_300.png
[0.44848156152519936, 0.689770054283594, 0.19237909121806251]_300.png
[0.4485148354588141, 0.46584714246636716, 0.3924101017463365]_300.png
[0.450167637845832, 0.8457849171824049, 0.45893086555405793]_300.png
[0.4505434952935442, 0.9608716782775252, 0.5819488487902408]_300.png
[0.45070072186054555, 0.2994908402825055, 0.3529439214151924]_300.png
[0.4513735736611941, 0.1676387298675156, 0.17600348024536439]_300.png
[0.4522285326500276, 0.7944898696023048, 0.44716223417834744]_300.png
[0.45257555247761183, 0.43686191774466143, 0.4831278693934371]_300.png
[0.45432156936744683, 0.6923760841872183, 0.04601049806053914]_300.png
[0.4556439880992308, 0.37828509977718416, 0.7386461540621166]_300.png
[0.4573030392227614, 0.8489120937568001, 0.33126564051551677]_300.png
[0.4574230104315701, 0.9301726543230373, 0.7420716270095181]_300.png
[0.4578406037491525, 0.03484579434349333, 0.9273264906727684]_300.png
[0.4585615181592345, 0.2189265998181923, 0.14354357555802855]_300.png
[0.45898055892791134, 0.01658637961848264, 0.10915097578283484]_300.png
[0.45910275464731753, 0.6210680266144781, 0.9557277039326258]_300.png
[0.46033474188956736, 0.70294309628201, 0.22054159925577488]_300.png
[0.46083036193914073, 0.49318556004030445, 0.8498945018369461]_300.png
[0.4629812680037695, 0.1574150471086777, 0.8442238436538013]_300.png
[0.4633577228524094, 0.2766081001242088, 0.8795958969247085]_300.png
[0.4647211382810439, 0.09433311268238798, 0.5222960793075461]_300.png
[0.4673688206100721, 0.09237762686525486, 0.22113653555220036]_300.png
[0.468271026753008, 0.40563488915142176, 0.8047050495616239]_300.png
[0.4703386781792085, 0.38933217250834007, 0.9718432560282543]_300.png
[0.47037682878620946, 0.20857129578669087, 0.3398708138725962]_300.png
[0.47144920156856673, 0.549427481803394, 0.27608115803838884]_300.png
[0.4716918682103566, 0.5192708767947323, 0.3719212052136436]_300.png
[0.47208787789514794, 0.043693428286774805, 0.7619515786425308]_300.png
[0.4721769871609849, 0.7692954046740331, 0.46269021319938397]_300.png
[0.47319361664705506, 0.7219517701702891, 0.5664752768731993]_300.png
[0.4736597707862096, 0.8152474019636523, 0.5250983572387873]_300.png
[0.4737333252238196, 0.5491850239463253, 0.5564118585287727]_300.png
[0.47453158422449626, 0.37632087614839527, 0.972075835223133]_300.png
[0.4750985907152092, 0.12968661324022335, 0.8842837769302195]_300.png
[0.47519779459974076, 0.9409297578513004, 0.09575105733750244]_300.png
[0.47586276602626043, 0.8697419402227813, 0.8250863221199312]_300.png
[0.47934134312403076, 0.5682750546682446, 0.015238223250181093]_300.png
[0.4800659807833937, 0.980940961093672, 0.4734783878587463]_300.png
[0.48143835608390095, 0.9509529568445803, 0.8560089498173151]_300.png
[0.481621895870453, 0.9427448118698244, 0.7426197484377538]_300.png
[0.4822496613764966, 0.25304675735999627, 0.08235478059798151]_300.png
[0.4828023229989298, 0.03990761608402693, 0.8531729678017076]_300.png
[0.4842450681037055, 0.15235396304162596, 0.34354817896160716]_300.png
[0.4847948927564937, 0.8591592894097402, 0.3715729322712418]_300.png
[0.48515502141794586, 0.6602397602985015, 0.764112173882991]_300.png
[0.4862743984807897, 0.8624030364851797, 0.04859811348366716]_300.png
[0.4893682558986461, 0.6361181020883936, 0.9625390128230175]_300.png
[0.4899117264154398, 0.42732210579282626, 0.37017487498172497]_300.png
[0.48993925788295667, 0.4010910244324425, 0.37925913549470347]_300.png
[0.4902349046130767, 0.862530201731383, 0.889025023043484]_300.png
[0.4929772875117594, 0.24156762866671455, 0.8894559863455952]_300.png
[0.4941530154400072, 0.4974509455262406, 0.9583286373401505]_300.png
[0.4948910578989161, 0.5534605511114773, 0.10643872733844617]_300.png
[0.494984414453712, 0.4609958822892434, 0.2209367496132172]_300.png
[0.49567701461611313, 0.09717429863418747, 0.7040999967441415]_300.png
[0.49579907293667513, 0.2512625311744907, 0.6859508837616363]_300.png
[0.4967724391554992, 0.7959204858621602, 0.3130724738426407]_300.png
[0.49813636522225535, 0.08007352269648538, 0.053991168229386766]_300.png
[0.4985636705038984, 0.479044145549946, 0.8250689277092608]_300.png
[0.499795343408429, 0.11673555716766448, 0.024002455527182165]_300.png
[0.5008340495307395, 0.33587731688338573, 0.5233958234742097]_300.png
[0.5008980840930595, 0.822930070100018, 0.6555192534051988]_300.png
[0.5032255676056764, 0.10142388073064157, 0.1648529499266168]_300.png
[0.5052085332877382, 0.40608183067753867, 0.07585788901582702]_300.png
[0.5068549638595059, 0.5037906587832545, 0.23496588222063775]_300.png
[0.50733629486677, 0.6001045515701889, 0.04518863364767767]_300.png
[0.5092035676210411, 0.5180232528401324, 0.6938257027644816]_300.png
[0.5093011521691951, 0.5685212690963848, 0.6868667105536271]_300.png
[0.5097283999121142, 0.8021685391824601, 0.785542802108779]_300.png
[0.5100773129199234, 0.7443375684259528, 0.993204031037576]_300.png
[0.5106036531360199, 0.6149581663472429, 0.8382766136474318]_300.png
[0.5124783250372741, 0.08483750051275463, 0.8261262420528062]_300.png
[0.5128262065672811, 0.6827362162958979, 0.5321999572813467]_300.png
[0.5133401816458454, 0.8761557356270433, 0.39192505896672025]_300.png
[0.5139768097769358, 0.7417032172699428, 0.39609201467574173]_300.png
[0.5143081255755351, 0.8281150181323029, 0.641043709598711]_300.png
[0.5154729146045971, 0.4890479718324273, 0.060136250911218214]_300.png
[0.5156161397569118, 0.0728770929775987, 0.15270521088353084]_300.png
[0.5161350922631881, 0.3750649192356962, 0.506854917103529]_300.png
[0.5163311250778676, 0.45656277994802974, 0.05452172350415252]_300.png
[0.5168919205318793, 0.5858017251419673, 0.8670277367744037]_300.png
[0.5178761407979753, 0.0016983052913618346, 0.05397260941501536]_300.png
[0.5183562832863303, 0.6185179217117311, 0.10328591757041994]_300.png
[0.5193893616912674, 0.32313319131918294, 0.407770521512795]_300.png
[0.5195372295094884, 0.024831592726021423, 0.41184156735960165]_300.png
[0.5210114622893006, 0.7175442283519877, 0.6887427128817116]_300.png
[0.5217492920953019, 0.4525143495204367, 0.21886153400474306]_300.png
[0.5236535670068898, 0.8156503263435478, 0.26261373224370355]_300.png
[0.5251649615483266, 0.9191965367851962, 0.4812053244520741]_300.png
[0.5262584376973467, 0.5109446553550218, 0.9492440695992214]_300.png
[0.5262752215351311, 0.4517810272747985, 0.6456367785417657]_300.png
[0.526654109675523, 0.5963159232215018, 0.570127835096032]_300.png
[0.5287595031385269, 0.3319042314620777, 0.8905759424961432]_300.png
[0.5289017730860931, 0.44444924043314393, 0.2606489172170654]_300.png
[0.5289488629569661, 0.36925431649999196, 0.566355427094418]_300.png
[0.5299816542077759, 0.16156815173304262, 0.06380359485122644]_300.png
[0.5310028962493535, 0.43328756619328324, 0.6742526665255668]_300.png
[0.5321915611343526, 0.746372096900397, 0.8664256540146384]_300.png
[0.5323524428340237, 0.4353205666668697, 0.7175794378659587]_300.png
[0.533886904663007, 0.8871804351013853, 0.2661899971020648]_300.png
[0.5356775594738851, 0.763046072817768, 0.2548572910739336]_300.png
[0.5367828636763281, 0.619896012779302, 0.10814988690968941]_300.png
[0.5369537416643598, 0.9694436430372457, 0.6049129323046881]_300.png
[0.5374579851485839, 0.46167256828850256, 0.8238175952796751]_300.png
[0.5377465590375041, 0.4020328796365482, 0.03441752054801317]_300.png
[0.539626498627689, 0.12587060554521767, 0.7142072762423765]_300.png
[0.541744160929724, 0.8442229942347729, 0.339399881698647]_300.png
[0.5424095184211102, 0.6738533332414779, 0.7888607321399589]_300.png
[0.5428089280443648, 0.1452531822483769, 0.25174111111611186]_300.png
[0.5428764893847773, 0.2953726665241956, 0.28671805766032976]_300.png
[0.5446116388286644, 0.18469075779394273, 0.7756872618416587]_300.png
[0.5446602833327634, 0.2258719748704977, 0.7440881381320461]_300.png
[0.5448251380248286, 0.48993353447240207, 0.7028684038397741]_300.png
[0.5451021021107122, 0.9846566672131583, 0.6295873678927241]_300.png
[0.5453853660216366, 0.5084097956406096, 0.39024355167375613]_300.png
[0.5454443472816853, 0.5887755839080686, 0.41244514955711653]_300.png
[0.545565381767854, 0.5687241404067839, 0.9530632539185814]_300.png
[0.5476815964013279, 0.1497370282653686, 0.0922273248545582]_300.png
[0.5491191014322565, 0.6275515085923979, 0.3121717266121442]_300.png
[0.5492734809738549, 0.5841463889618652, 0.5127914365791962]_300.png
[0.5505632226529894, 0.5490641381592999, 0.7239624466994212]_300.png
[0.5509400328906071, 0.3971986505121914, 0.9846172008409563]_300.png
[0.5511356727528548, 0.8536252253507626, 0.4043760753032125]_300.png
[0.5519562441040963, 0.40843435981930276, 0.15393209719631773]_300.png
[0.5538168210314061, 0.2511401006055105, 0.8575460504124652]_300.png
[0.5539377296286662, 0.4550298607554053, 0.7932122687574197]_300.png
[0.5540004702583492, 0.18395344340195174, 0.25142137207684345]_300.png
[0.5552408987539402, 0.9066646756241404, 0.6586057200627319]_300.png
[0.5557182749131923, 0.9053283758372719, 0.9165867171892897]_300.png
[0.5574709068228343, 0.3691980828441712, 0.03660324526307002]_300.png
[0.5583030505796629, 0.9069108868747194, 0.14534848225420494]_300.png
[0.5584674887252832, 0.9238208039634236, 0.8607098706726926]_300.png
[0.5594389233063134, 0.649359749026204, 0.2866270071999958]_300.png
[0.5600694683552458, 0.15735846268045106, 0.38192066432052385]_300.png
[0.5614059394129115, 0.28916167795258485, 0.6652705912679565]_300.png
[0.5618597845372314, 0.9712717593871224, 0.22591570276248552]_300.png
[0.563040117968321, 0.9962403385313889, 0.3812538371640499]_300.png
[0.5648416910519419, 0.7662438418315856, 0.15681468298554013]_300.png
[0.5658349170514048, 0.1504816596264238, 0.9781028209470392]_300.png
[0.5664508724931029, 0.9137056168504408, 0.7231403568795135]_300.png
[0.5680982005973105, 0.06450750915728587, 0.07580146103587648]_300.png
[0.5681622215656026, 0.17333421988242548, 0.6218683302922159]_300.png
[0.5684456667124436, 0.4025322469650505, 0.18556784653924085]_300.png
[0.5685679328139575, 0.630265525217263, 0.8550514038294854]_300.png
[0.5696457255667725, 0.7882552804649132, 0.8324644859440301]_300.png
[0.5703067490854522, 0.7993120980413161, 0.595678740957627]_300.png
[0.5723409452708154, 0.3114953709493463, 0.33442881957688764]_300.png
[0.5740393496287142, 0.890082246616964, 0.3851905049362536]_300.png
[0.5777126633524876, 0.9744152702506846, 0.29265833231194593]_300.png
[0.5780737329564825, 0.081279066283096, 0.7026047956251089]_300.png
[0.5802649478390791, 0.09200106148707743, 0.9743336311758057]_300.png
[0.5827059312358833, 0.14966765275101457, 0.8819277567070576]_300.png
[0.5832464023593444, 0.262716795399888, 0.8990400519998448]_300.png
[0.5837762721011629, 0.4127078270934301, 0.763192517191059]_300.png
[0.5848837601797003, 0.6285930273987058, 0.19729669483060042]_300.png
[0.5871333318625463, 0.408843198393416, 0.2713836044358936]_300.png
[0.5874722826455536, 0.4289027093232157, 0.9935143420829982]_300.png
[0.5877861937169754, 0.8029427274556734, 0.6394482983484568]_300.png
[0.5883176641291631, 0.8398643829612135, 0.3032331117937813]_300.png
[0.5884801982256171, 0.6069211594272822, 0.1277039210460813]_300.png
[0.5894283339706117, 0.3272293988240845, 0.4339820791578993]_300.png
[0.5915831051214945, 0.12708435959884312, 0.1285755305745896]_300.png
[0.5924006768530058, 0.7981758639017873, 0.7679501993438532]_300.png
[0.5926126240046186, 0.02871522896209755, 0.2638671035204212]_300.png
[0.592936358928979, 0.2044295359748881, 0.4651429158704128]_300.png
[0.5933052527977659, 0.8338774584530417, 0.373444869695143]_300.png
[0.5935140332805089, 0.14878702332600258, 0.012860854881035944]_300.png
[0.5976602788980554, 0.469328472572919, 0.1965761176845191]_300.png
[0.5982899925006919, 0.6227499274579341, 0.5179777929166349]_300.png
[0.5995144061399507, 0.7781606853855144, 0.6220993144950592]_300.png
[0.5996148248168387, 0.4458905185977373, 0.009883461270477567]_300.png
[0.5998249866600386, 0.7845347013068054, 0.8001447064308056]_300.png
[0.6002385029671562, 0.1060822294100503, 0.5235844781047555]_300.png
[0.6011625782084685, 0.3378686383839171, 0.39398475371962527]_300.png
[0.6031590848934658, 0.8814248239470096, 0.07777289079248406]_300.png
[0.6037608840367088, 0.6460399738470899, 0.15552435653185903]_300.png
[0.6068153530956866, 0.5252757510371875, 0.7966310015957391]_300.png
[0.6070029545192536, 0.6039470166152274, 0.9851043720638438]_300.png
[0.607038768163014, 0.2767768155705801, 0.5180837746685896]_300.png
[0.6084594487905519, 0.41694100001345713, 0.8002440775048149]_300.png
[0.6088846980456318, 0.39455069414819965, 0.8356503914064495]_300.png
[0.6104868746130669, 0.35574122923478324, 0.34065813386674937]_300.png
[0.6137994295077436, 0.12031986250229365, 0.60987574674753]_300.png
[0.6150410710166301, 0.026836511897397886, 0.3263164638319953]_300.png
[0.6179473636293806, 0.8475976384732757, 0.7951254775573133]_300.png
[0.6187369242849086, 0.892567138963681, 0.1708986795842129]_300.png
[0.6196554387914143, 0.1902369658112868, 0.2397748247773288]_300.png
[0.6208415694374483, 0.6435478879194032, 0.010298564209409888]_300.png
[0.6214494841923462, 0.4160656461027289, 0.746120082988218]_300.png
[0.6263920401047943, 0.9229258450210561, 0.28894840013576883]_300.png
[0.6270375367687324, 0.5027312809121618, 0.8546023853553425]_300.png
[0.6272840603969915, 0.963345594179718, 0.9567838618210891]_300.png
[0.6274176075959016, 0.9191576477738598, 0.8199553766436711]_300.png
[0.6288084058499057, 0.14256623814620029, 0.5001465950994164]_300.png
[0.6289666137184652, 0.8778598161027947, 0.8278960516144057]_300.png
[0.6298548191608736, 0.16254056949494144, 0.11991933592681792]_300.png
[0.6312524987000065, 0.8150195274510786, 0.7176469332574132]_300.png
[0.6321180179043152, 0.08012764609008027, 0.6258236730176829]_300.png
[0.6326103815015528, 0.720891651400444, 0.2349105339532086]_300.png
[0.6330613914724198, 0.6799141136570581, 0.8625458113631332]_300.png
[0.6334316525094644, 0.8798547816780328, 0.08848157115774247]_300.png
[0.6334322583965903, 0.7761712647482072, 0.30489372872792186]_300.png
[0.6339415508217494, 0.27750731980775467, 0.40834478929340134]_300.png
[0.6344917080630936, 0.7633280235651722, 0.9892137553351589]_300.png
[0.6345532356242618, 0.007523307893957609, 0.7552480897596126]_300.png
[0.6356560170186767, 0.9736973906676576, 0.21527039927416414]_300.png
[0.6373950635635275, 0.5426274263573778, 0.2566927931348286]_300.png
[0.6401080271048977, 0.5056159958542404, 0.5852713280708269]_300.png
[0.6403885252443458, 0.06763222658856016, 0.017474048587352797]_300.png
[0.641234528870227, 0.6670973048357723, 0.056909062670311816]_300.png
[0.6422530266186157, 0.9615199161044828, 0.15846313871223872]_300.png
[0.6430648064685902, 0.27193197700698735, 0.5023821770106116]_300.png
[0.6439103975069588, 0.14429023662035, 0.9897480232530145]_300.png
[0.644343932138836, 0.43718149245509996, 0.02580736119906668]_300.png
[0.6445516742905523, 0.08327525664111912, 0.8927061811247305]_300.png
[0.645634835917648, 0.6712536728339918, 0.5653692094065466]_300.png
[0.6459005394676897, 0.08020137980563347, 0.3602959973517046]_300.png
[0.6465498782452346, 0.9101914275623683, 0.22533316433749773]_300.png
[0.6465726353562367, 0.5868440174995353, 0.2066502436904949]_300.png
[0.6480959722557885, 0.6167321680955727, 0.8955713510808321]_300.png
[0.648191714520718, 0.2850672933724402, 0.6006967998483458]_300.png
[0.649194236862845, 0.08308822787311942, 0.486306338278378]_300.png
[0.6494834352392814, 0.2746333745274737, 0.6366108932626232]_300.png
[0.6506622670520088, 0.9819117811125816, 0.10050371370002142]_300.png
[0.651043849704617, 0.25996854909164757, 0.811630905415487]_300.png
[0.6526407456909715, 0.8080166358205024, 0.04653200566875426]_300.png
[0.6541284085020792, 0.22710374447441706, 0.6132871895349334]_300.png
[0.6566793566348208, 0.03734183908075939, 0.7485206459723922]_300.png
[0.6571789088056457, 0.4251446108991149, 0.5851414932524852]_300.png
[0.6579325490617346, 0.2382007059547383, 0.21308719234391615]_300.png
[0.6595971494108385, 0.5163768230904404, 0.38700286938667017]_300.png
[0.6638042017271083, 0.5790932347546299, 0.23452421107395793]_300.png
[0.6648701449923855, 0.738589335254074, 0.19145540754905221]_300.png
[0.6660511704753885, 0.5190412161704615, 0.6726404842810211]_300.png
[0.666393319076531, 0.11369019687380388, 0.34957827942119357]_300.png
[0.6667526715959353, 0.7273850443491128, 0.5909997984164165]_300.png
[0.6679283458682367, 0.02021850362922817, 0.8661063295215674]_300.png
[0.6693313576271533, 0.1870557681038496, 0.9082314311484097]_300.png
[0.6704365172946104, 0.5452187353495463, 0.6807051024225789]_300.png
[0.6706055740398164, 0.30718134250096396, 0.4416261335463797]_300.png
[0.6713257371553959, 0.7466149119821106, 0.2732536439551414]_300.png
[0.6713371891903915, 0.7773770568584547, 0.2572947634696797]_300.png
[0.6717378847743848, 0.31530053005846836, 0.9301172817378723]_300.png
[0.6734874069232268, 0.8087130349248658, 0.7122608131449432]_300.png
[0.677721333853352, 0.024039851300983073, 0.8569465178549717]_300.png
[0.6782224804779449, 0.4572257463531467, 0.862778567467417]_300.png
[0.6785342363053307, 0.003884687063410386, 0.37156438034424055]_300.png
[0.6798397907176896, 0.2637690932352236, 0.2399390182015615]_300.png
[0.6802709276168227, 0.9131114892368597, 0.017121262946012683]_300.png
[0.6807793762724558, 0.5022325475703842, 0.7153946791317122]_300.png
[0.6816338896805234, 0.07077772373591251, 0.34925569232757436]_300.png
[0.6822510719852326, 0.2857970468604123, 0.43641059767128443]_300.png
[0.6835790880721054, 0.8985295695826572, 0.9661265603561418]_300.png
[0.6846469184452809, 0.06315518497147043, 0.5026582001397327]_300.png
[0.6863406557304498, 0.446381961099091, 0.5687152676573543]_300.png
[0.6865736620875658, 0.7326058602561992, 0.9478962664889055]_300.png
[0.68800061675667, 0.43931965483855906, 0.9709929978495091]_300.png
[0.6887551218292807, 0.957637257828409, 0.8335259982569305]_300.png
[0.6893030980260633, 0.2801170889244735, 0.2679059648853478]_300.png
[0.6899035939530974, 0.6288973489130876, 0.7121463085298673]_300.png
[0.6929582284300869, 0.12552433477002345, 0.4428832657368009]_300.png
[0.6930593332945686, 0.09842069681151788, 0.49357954275449245]_300.png
[0.6937662062741919, 0.6938965554807359, 0.18513833972388727]_300.png
[0.6947796290488419, 0.04955250202639272, 0.7548289596979736]_300.png
[0.6958838335088822, 0.2897633294303126, 0.048320164838050794]_300.png
[0.6982133402225886, 0.4486151355950332, 0.8123658541907842]_300.png
[0.7003916627679273, 0.2221917867398977, 0.6532533048517207]_300.png
[0.7008080684212091, 0.49716545503984944, 0.08105709376279702]_300.png
[0.7028596092131897, 0.5432701337993291, 0.015031586549237752]_300.png
[0.7036430323104105, 0.007407070006121952, 0.16684353337386382]_300.png
[0.7043016270064538, 0.6826493409971295, 0.7469087829745565]_300.png
[0.7048542238022462, 0.7655561727987614, 0.6481467915149008]_300.png
[0.7052061979829177, 0.3820690208940868, 0.2660040805424684]_300.png
[0.7063800909364444, 0.31514795030662546, 0.25621816636190153]_300.png
[0.7092102847663596, 0.8060029443505287, 0.7843870419400273]_300.png
[0.7105846315961087, 0.33999874773077143, 0.8783956817550599]_300.png
[0.7106898932908405, 0.7936689989607674, 0.8488534022878536]_300.png
[0.7124449233698362, 0.5649695608718754, 0.2162854963603379]_300.png
[0.7125414449599445, 0.596669017576355, 0.932661289349271]_300.png
[0.7133524367142695, 0.8193570945985772, 0.7877816460699776]_300.png
[0.7145297582475113, 0.7078135449557221, 0.972306586639098]_300.png
[0.7161375243644846, 0.3939342205684222, 0.8725528368310418]_300.png
[0.7178394045277223, 0.9861476071488152, 0.8980463031771552]_300.png
[0.7179503264285769, 0.07052070019923817, 0.258738847182566]_300.png
[0.7181318503598924, 0.9929551759578188, 0.5425070627791798]_300.png
[0.7183093513928869, 0.3987325778693762, 0.3034696412068677]_300.png
[0.7191555221524359, 0.9502063247048462, 0.771369638687636]_300.png
[0.7192301255624213, 0.6515007209068665, 0.26896964818978597]_300.png
[0.7203232642199837, 0.9536689346856823, 0.36528453043629294]_300.png
[0.7226215181405778, 0.3156598584206419, 0.5030086236809469]_300.png
[0.7235692192843021, 0.2122949246580984, 0.5780035063417528]_300.png
[0.7254144653675576, 0.915739310221661, 0.8472713241177576]_300.png
[0.7254242366321021, 0.8441905850108741, 0.3524153592945325]_300.png
[0.7286176116660645, 0.7075193357242937, 0.08414775879557124]_300.png
[0.7288919186422488, 0.1278167813341633, 0.33437000781275217]_300.png
[0.7308978466154221, 0.947637237737633, 0.08385829521319188]_300.png
[0.7322969201357822, 0.7131516276224475, 0.6005701011852163]_300.png
[0.7323509542102856, 0.8261590399576485, 0.8573363757924805]_300.png
[0.7356309613489025, 0.9719079973729429, 0.08598406651592394]_300.png
[0.7391635367300851, 0.3847737465578911, 0.3245644772566968]_300.png
[0.7414095202799131, 0.9802033993213138, 0.29760789962111767]_300.png
[0.7441967212482448, 0.2033388840831577, 0.7985562182856649]_300.png
[0.7443072639167888, 0.7899185572011964, 0.3263982973430716]_300.png
[0.7445303960013981, 0.24439999058191753, 0.06810418867957668]_300.png
[0.7451654995301403, 0.957063286417083, 0.5468939260517449]_300.png
[0.7474095837790761, 0.611487681728061, 0.43974942428216734]_300.png
[0.747609329000789, 0.7426864152329757, 0.7937650394390993]_300.png
[0.7481202604017503, 0.3714367080058443, 0.6743703965764192]_300.png
[0.7489794786659133, 0.9807826171970894, 0.29251568956542684]_300.png
[0.7529986260846242, 0.013986682933696981, 0.3839701589376604]_300.png
[0.7539841787863142, 0.5240027883921256, 0.6784789492171727]_300.png
[0.754087463379837, 0.08084682402738841, 0.32169179919683677]_300.png
[0.7553606584168099, 0.47795080945009516, 0.24670324924536846]_300.png
[0.7559951814448024, 0.06386514643065255, 0.4677863123036302]_300.png
[0.756445751134523, 0.5629474983554161, 0.4209301129165762]_300.png
[0.7576408878017954, 0.8185925033331118, 0.06508719714822608]_300.png
[0.7581778604849122, 0.5193178705373092, 0.9287061637695513]_300.png
[0.7584117309912355, 0.7017232380626388, 0.5555619626048913]_300.png
[0.7585663502900036, 0.46758680086968585, 0.4445385360513041]_300.png
[0.75968146030134, 0.1259699928248469, 0.9711764622567511]_300.png
[0.7603865525366117, 0.03636535998112744, 0.3009245118136952]_300.png
[0.7652921744424399, 0.5212000749568273, 0.8676117347196662]_300.png
[0.7660549711129424, 0.07904588169648208, 0.4581373932499011]_300.png
[0.7686232568997244, 0.5041986487308687, 0.2548149848384277]_300.png
[0.7712291702998175, 0.6378721960423629, 0.4435335101991751]_300.png
[0.7736514696170516, 0.035813325067796886, 0.4350245983316807]_300.png
[0.7744951917327481, 0.542493743092052, 0.06389890111778229]_300.png
[0.7759166136720385, 0.010095958531769478, 0.42520257573953535]_300.png
[0.7767594739602842, 0.9968444479257643, 0.4738401095086854]_300.png
[0.7772570761944991, 0.9279434849118284, 0.7441291424487191]_300.png
[0.7778608567892115, 0.5557802130704705, 0.8133474050138433]_300.png
[0.7790194269851329, 0.7528270914478978, 0.6495760644243815]_300.png
[0.7794472153017499, 0.5843699675894303, 0.4415949233091113]_300.png
[0.7869009495271836, 0.39926923224928135, 0.5726215326622048]_300.png
[0.7884750780130688, 0.24718531999949855, 0.5286070656968751]_300.png
[0.7885948149639985, 0.6170165645536059, 0.9454136502273467]_300.png
[0.7893125347168992, 0.6138665561837647, 0.03678804881460296]_300.png
[0.7906534009609626, 0.03049181503431564, 0.8967209766513144]_300.png
[0.7911006286173446, 0.5341569099556135, 0.00757079448648823]_300.png
[0.7918572181318283, 0.04491453742226714, 0.7974314297662668]_300.png
[0.7924655098776361, 0.11150648762883553, 0.5014446753670101]_300.png
[0.793321256247207, 0.39306561788637984, 0.6297581133757815]_300.png
[0.7945365265280612, 0.6146718017233812, 0.2687143083629564]_300.png
[0.7948766665370376, 0.8252406124680733, 0.9275868175171146]_300.png
[0.7953121813319268, 0.12105016857159867, 0.4499456351509291]_300.png
[0.7965012721559241, 0.2770022754761009, 0.621802193551492]_300.png
[0.7965457730077868, 0.40408165826648246, 0.26960235493206997]_300.png
[0.7970388940559459, 0.33918044975774087, 0.012177422171410823]_300.png
[0.797101368985405, 0.3267538222888373, 0.1067252439134877]_300.png
[0.7980356295238578, 0.09073643080343297, 0.8992358583590426]_300.png
[0.801293780711641, 0.0060090273042467945, 0.6636884151778836]_300.png
[0.8014330030462955, 0.1825243130089319, 0.8427070277372002]_300.png
[0.8020190734659834, 0.1434767417838193, 0.9313501057779301]_300.png
[0.8037186858633161, 0.015335124849699011, 0.014625395319210699]_300.png
[0.8041962755146321, 0.6238178195443446, 0.34874738734229394]_300.png
[0.8083122229575271, 0.9720316747916785, 0.1345528324890345]_300.png
[0.8084779384341343, 0.6932339041203239, 0.718851415517762]_300.png
[0.8111282280973088, 0.273280203288923, 0.26345540401350276]_300.png
[0.812119370377613, 0.2392385000338869, 0.7338137549726728]_300.png
[0.8146967080483841, 0.9381137970475232, 0.20850493254563562]_300.png
[0.8151967023736056, 0.10753211306667565, 0.9072878982745377]_300.png
[0.8153637691415501, 0.0613275540322642, 0.1864964165462304]_300.png
[0.8164104497885482, 0.2817081926251437, 0.1633035551340548]_300.png
[0.820264159600459, 0.2825030303605468, 0.524121981010457]_300.png
[0.8237870895519153, 0.21721094353305648, 0.45102025415444]_300.png
[0.8238265665667256, 0.5245739820267447, 0.9603610779128351]_300.png
[0.824407132317626, 0.1928630618657483, 0.8345735100972173]_300.png
[0.8261305664954258, 0.8537128790121579, 0.04279176151462283]_300.png
[0.8267958773982507, 0.3497546201634425, 0.014612334210700295]_300.png
[0.827227577691396, 0.4048763631717015, 0.2656466427231561]_300.png
[0.8276162173278113, 0.7051248757336961, 0.36748476586383894]_300.png
[0.829855798191654, 0.7966023637269708, 0.10406888127182223]_300.png
[0.830611915618913, 0.4842355592511348, 0.8810160419923947]_300.png
[0.8340857729266822, 0.36932149483250576, 0.01947960136102389]_300.png
[0.83573544516178, 0.4168467633677335, 0.08884163404506806]_300.png
[0.8374659480403127, 0.650643934150357, 0.09462827500817383]_300.png
[0.8374691107109994, 0.6344696177413237, 0.9317635113473364]_300.png
[0.8389175452731112, 0.034155463366667194, 0.47641204100070467]_300.png
[0.8395905645595829, 0.6837148294153801, 0.486965913085011]_300.png
[0.8408002315873316, 0.6097715369024939, 0.04916645620137727]_300.png
[0.8419812095736061, 0.5762022155445264, 0.633395936739443]_300.png
[0.8423755038962036, 0.6979119177075903, 0.6296694128174753]_300.png
[0.8436725681467119, 0.6994787879287926, 0.890726966833865]_300.png
[0.8506338912838176, 0.41893049700901697, 0.636326980471608]_300.png
[0.8524378329576391, 0.8110212937329168, 0.8097322361370674]_300.png
[0.8530662733447474, 0.4238678473750528, 0.2456901010515149]_300.png
[0.8538993804730223, 0.16796613254280301, 0.05994774550224247]_300.png
[0.85427795287089, 0.5755230195211549, 0.48880806244362085]_300.png
[0.8552605682288369, 0.8230290070278302, 0.3924500904154349]_300.png
[0.8556025916797317, 0.2793692746574411, 0.147818032920214]_300.png
[0.8563753466543254, 0.22578418557249458, 0.7530069201024866]_300.png
[0.8565601370349722, 0.5977908856621419, 0.18813209555736066]_300.png
[0.8568349832286738, 0.7046303946242334, 0.3239191215469618]_300.png
[0.8581553199286481, 0.4228570998843666, 0.5279678307425845]_300.png
[0.8583614796090309, 0.8986611189875712, 0.8079304809321506]_300.png
[0.8604470071130841, 0.7838623748795149, 0.15738396058928938]_300.png
[0.8605632267473889, 0.9691548667924711, 0.5313762020227624]_300.png
[0.8606173726477978, 0.07475460940624412, 0.6701272458292348]_300.png
[0.860827310493837, 0.04587787436379698, 0.7661520403825889]_300.png
[0.8609948717090683, 0.023828827032637334, 0.8256184621146673]_300.png
[0.8621659817173835, 0.8957351589858339, 0.6138002859591388]_300.png
[0.8625280091044814, 0.45810051795637863, 0.27597736007071727]_300.png
[0.8633034889086827, 0.7002975318740318, 0.35873299491135757]_300.png
[0.8636089859883698, 0.8176155710261739, 0.620165953342542]_300.png
[0.8672515823466425, 0.017726941850390032, 0.4995609170315254]_300.png
[0.8674800959601224, 0.7855819611048914, 0.8621418980177562]_300.png
[0.8682589742110637, 0.5693045180615717, 0.3152839208815045]_300.png
[0.8687754830997616, 0.04915441183942104, 0.8734127489386327]_300.png
[0.8691729035183593, 0.7208431013450618, 0.6472959931205569]_300.png
[0.8700442858658883, 0.21698877905106517, 0.30707303438129896]_300.png
[0.8706401323667687, 0.9941977546636768, 0.38019294593193187]_300.png
[0.871460015732054, 0.6405376063380136, 0.4642303012576807]_300.png
[0.8716164768747469, 0.5822202590757822, 0.4089999601022114]_300.png
[0.8719179644699745, 0.16973887296318402, 0.7414928111876137]_300.png
[0.8732822457143197, 0.6204090818942445, 0.10766737858297859]_300.png
[0.874802715055531, 0.20806879592837324, 0.5589550105834141]_300.png
[0.8753432352873325, 0.19999052435518894, 0.22249201746700709]_300.png
[0.8756615524311798, 0.6023598303218807, 0.8199179917697791]_300.png
[0.8758903392085555, 0.02121424060021382, 0.07665967713621391]_300.png
[0.8766938478883989, 0.9841365564612675, 0.4799838251937063]_300.png
[0.8776354022970496, 0.33594970140525393, 0.2769249936855599]_300.png
[0.8791906093399309, 0.2746960530270728, 0.33789166791455905]_300.png
[0.8793677042906396, 0.41333441304416085, 0.2862771829806463]_300.png
[0.8799829191374715, 0.8004688916012808, 0.6395801638230318]_300.png
[0.8804626201935756, 0.8692582739069776, 0.29436391913579607]_300.png
[0.8811600794930519, 0.9733948492792955, 0.9649018276023362]_300.png
[0.8814176763792279, 0.7907276561870693, 0.04242813754683994]_300.png
[0.8820126651407846, 0.6573970428404807, 0.7001067103129808]_300.png
[0.8822349029246935, 0.07048470926734174, 0.37043865639934415]_300.png
[0.8833448344953293, 0.7960051334687475, 0.65733767760697]_300.png
[0.8838898022062205, 0.0227223431698228, 0.8007400641162015]_300.png
[0.8857246474168451, 0.24094215695286192, 0.6857957258816357]_300.png
[0.8864931556807045, 0.1222190800113937, 0.10225087894354012]_300.png
[0.8869398201205831, 0.6507564333534306, 0.9928005531895219]_300.png
[0.8870379592254208, 0.07736616927719153, 0.5996217815887788]_300.png
[0.8875875863961892, 0.9216340026549418, 0.0701716720771407]_300.png
[0.8884687070653882, 0.7252397279797912, 0.05073858504782092]_300.png
[0.8893880708454315, 0.9563530109135504, 0.3467977074776385]_300.png
[0.8897184638434028, 0.3548250188646124, 0.360908510993572]_300.png
[0.8905234753010662, 0.7231471130864722, 0.9435826405767702]_300.png
[0.8909412740420142, 0.2712684837276067, 0.04147378077556707]_300.png
[0.8911069091165725, 0.2905024455966605, 0.19318694572937034]_300.png
[0.8916790936744677, 0.9094074583508799, 0.8688786712204292]_300.png
[0.8932991467448624, 0.9695206426354465, 0.5678043141448877]_300.png
[0.8937949665621382, 0.7610482761972006, 0.3715501854737344]_300.png
[0.8946315952364662, 0.5452713473488526, 0.4971155395157699]_300.png
[0.894855981275626, 0.5591445320216951, 0.8339689425689465]_300.png
[0.8961806913059939, 0.4235683095736916, 0.4743098655499215]_300.png
[0.8971269871030659, 0.046555156776710405, 0.4639916056061082]_300.png
[0.8978710802899705, 0.5776772388926883, 0.7211242784264823]_300.png
[0.8986268601759716, 0.6987677622893379, 0.17716272276021294]_300.png
[0.8994571926241365, 0.9454775068499525, 0.22154992117521521]_300.png
[0.9011796826357376, 0.38021061723688165, 0.24535424952558305]_300.png
[0.9012860281773153, 0.4431012178405125, 0.9649711643990758]_300.png
[0.9026500527909436, 0.726809233607224, 0.6182089788776446]_300.png
[0.9050178424116906, 0.5519994380810309, 0.9649641554410704]_300.png
[0.9054558651275368, 0.26622176381290275, 0.618736465283652]_300.png
[0.906092309830976, 0.12763749373571576, 0.2128054023607251]_300.png
[0.907419978051909, 0.9982738370895956, 0.21745510207376106]_300.png
[0.9075723710820015, 0.8924640074933449, 0.3325244816337226]_300.png
[0.9085398563673364, 0.01854388167731902, 0.0030744994142413162]_300.png
[0.9102233571235825, 0.8186627124003035, 0.11492065057843104]_300.png
[0.9102325392974867, 0.4482243513680133, 0.5547077484172724]_300.png
[0.9107415234375236, 0.6528278651173395, 0.03321599592512958]_300.png
[0.9113333780074153, 0.134413092216621, 0.825973250811862]_300.png
[0.913339372622559, 0.772387786182826, 0.786555009811559]_300.png
[0.9143153625671758, 0.37944580469681544, 0.4201924355363479]_300.png
[0.9145237496178221, 0.7097259786281839, 0.3835420600066819]_300.png
[0.9166650869111387, 0.41773171157870814, 0.8267157107298502]_300.png
[0.9171668203321728, 0.5317377640721932, 0.801920424263905]_300.png
[0.9172471027678389, 0.9059292674687177, 0.8960749446265331]_300.png
[0.9180757930542266, 0.24955822585301435, 0.002359977286460535]_300.png
[0.9189713130957913, 0.2299028500288437, 0.3274465938610682]_300.png
[0.9193254663942855, 0.23127022448408696, 0.7067913269051495]_300.png
[0.9194141680556782, 0.4257396795215408, 0.571776471446326]_300.png
[0.9194948336621672, 0.9515270914559039, 0.24422989111011417]_300.png
[0.9198985101578631, 0.22847155324251678, 0.6088938363052945]_300.png
[0.9201206822225239, 0.2920622296167591, 0.9313045447932632]_300.png
[0.9210688011292556, 0.01619350816022458, 0.8306998196909856]_300.png
[0.921773094080065, 0.5776987329305842, 0.051067605894537293]_300.png
[0.9247796488621495, 0.8969157508154529, 0.554915347749578]_300.png
[0.924985369610701, 0.513486205239214, 0.5986230696320451]_300.png
[0.9275393251786458, 0.5997907182876255, 0.12177703111275273]_300.png
[0.9278193038148704, 0.12083025541151982, 0.05955708457647768]_300.png
[0.9295984572761503, 0.4791434840255302, 0.1721496812146468]_300.png
[0.9307906930187108, 0.8489655603338976, 0.37206617644492246]_300.png
[0.9363006077306087, 0.8308872539821434, 0.08547896009722644]_300.png
[0.9371808513707125, 0.6940718335094634, 0.46349647068744415]_300.png
[0.9382747723111542, 0.9772835398571136, 0.6895155246618608]_300.png
[0.9390660006691003, 0.40968228524594086, 0.4203545153163243]_300.png
[0.93926175145389, 0.02855149797460399, 0.012088606543156133]_300.png
[0.9400443451080358, 0.433962229884449, 0.6608836382617245]_300.png
[0.9411423154448597, 0.09084718109048684, 0.8502470552517216]_300.png
[0.9414418312385038, 0.39552113397087574, 0.10083447023058323]_300.png
[0.9419876298083786, 0.6037407131632064, 0.423216744765175]_300.png
[0.9424499479783334, 0.05629974644182112, 0.25323506583793653]_300.png
[0.9424868129156839, 0.5158667224096801, 0.12730457064444445]_300.png
[0.9430850400204759, 0.38844241245021394, 0.307420178524372]_300.png
[0.9442421954433782, 0.6995026122432981, 0.13013566536894605]_300.png
[0.944258168703772, 0.5498653046800897, 0.3760148894525368]_300.png
[0.9454509828943743, 0.1650270181176836, 0.8065803969701867]_300.png
[0.9454599126122966, 0.033791315036439507, 0.0017504214152151976]_300.png
[0.9455702736772384, 0.04933496797553971, 0.547724210609584]_300.png
[0.9457426983567357, 0.3046780167615618, 0.3555830262532125]_300.png
[0.9505612211387877, 0.17706523553634934, 0.6321735207675032]_300.png
[0.9523030051207244, 0.42857238905117956, 0.2675056388146626]_300.png
[0.9528755220584526, 0.6677885277787428, 0.419025255223639]_300.png
[0.9531592605154483, 0.36088556828751694, 0.2177594882197521]_300.png
[0.9533163800841595, 0.5018276117139143, 0.1407546934885695]_300.png
[0.954267590882295, 0.04286103206041769, 0.26148259440045507]_300.png
[0.9558537231060599, 0.5220994065733787, 0.07061007837699862]_300.png
[0.9561960608510685, 0.13066236651748164, 0.6710270382953174]_300.png
[0.9582973526603532, 0.03032242729266832, 0.3110785511390156]_300.png
[0.9584073896227765, 0.42981377558157396, 0.7644857609803684]_300.png
[0.9587120229631318, 0.15534077769897003, 0.6219333423583008]_300.png
[0.9625808805971618, 0.13888342897680384, 0.2850279622463221]_300.png
[0.9627805167890501, 0.3886682115554295, 0.22146850527662287]_300.png
[0.9634093755444697, 0.35014287081464146, 0.7669879507128899]_300.png
[0.9645837392044098, 0.12329230777967082, 0.5781003624314398]_300.png
[0.9649192831981748, 0.8539866553311652, 0.9254434460560792]_300.png
[0.9658340039018671, 0.6347053232175358, 0.08710264777739518]_300.png
[0.9676638448784384, 0.34718074863389226, 0.7649849607842965]_300.png
[0.9692670648728079, 0.2149830972937422, 0.5464687733225281]_300.png
[0.9707282305175555, 0.8757343842078709, 0.22875681043353135]_300.png
[0.971929775936702, 0.17228243979284097, 0.8603551815616101]_300.png
[0.9723315747932835, 0.03032580169389343, 0.12710305913558095]_300.png
[0.9727244543743989, 0.41295535194265864, 0.045523198136494636]_300.png
[0.9732823792849542, 0.3303182116348501, 0.2188787320833696]_300.png
[0.9749666444469468, 0.47515312327680215, 0.2652584930371641]_300.png
[0.9750596186061861, 0.4888363892804999, 0.1591466961033121]_300.png
[0.9759397134749018, 0.16406716979677238, 0.6127834629535542]_300.png
[0.977620851995428, 0.15157498287658666, 0.8593436750490946]_300.png
[0.9783467449689628, 0.8856099776881051, 0.5108375407155629]_300.png
[0.9788239315605824, 0.5042058811143743, 0.513786158273925]_300.png
[0.9793009653857233, 0.5358599554320402, 0.8413311021224336]_300.png
[0.9796978112214012, 0.35038014323412403, 0.781200197948479]_300.png
[0.9818674065983816, 0.033092857465902625, 0.3272154596749519]_300.png
[0.982156842535582, 0.9669358901326965, 0.3945832779911074]_300.png
[0.9823935317543023, 0.20812070008583028, 0.5518381906052721]_300.png
[0.9829054332485377, 0.6612964710690025, 0.3221137612121757]_300.png
[0.9830810581692352, 0.9717066658207097, 0.12347527277077375]_300.png
[0.9834656039052202, 0.5283977273450393, 0.050438200713794235]_300.png
[0.9844791504705288, 0.6163767718605896, 0.3347164457662234]_300.png
[0.9845932430085111, 0.4349498170629732, 0.43716782308864177]_300.png
[0.9851625696594714, 0.3333151891797398, 0.27500832770059336]_300.png
[0.9860749869597882, 0.3796099856567158, 0.8353567787490555]_300.png
[0.9862852829241379, 0.06754271492926278, 0.8523821516935552]_300.png
[0.9869823648193555, 0.3972238385574257, 0.4665315444522944]_300.png
[0.9871955232247851, 0.8135281222543589, 0.4360333836763244]_300.png
[0.9896400427935709, 0.8994516148689781, 0.18632018498110747]_300.png
[0.9924487603516615, 0.824730297577709, 0.9835494659898658]_300.png
[0.9930784183281208, 0.5704804371367005, 0.25100774619051625]_300.png
[0.9941620759357417, 0.3501912452694449, 0.5662358864982021]_300.png
[0.9943376408913879, 0.24776581313958124, 0.570084666330272]_300.png
[0.9944284317363176, 0.49460639313456845, 0.6890856650753467]_300.png
[0.995234221274135, 0.44566821253277455, 0.8813604458021838]_300.png
[0.995459107582045, 0.11460131044439081, 0.2008745053799773]_300.png
[0.9963541347660464, 0.6057972565629887, 0.2685579201551759]_300.png
[0.9971454992429638, 0.5710404398648248, 0.6118294015393241]_300.png
[0.9972055276061551, 0.7760274280083875, 0.008245493836585016]_300.png
